

previous 1 words
		training set	validation set	testing set	+Kneser-Ney smoothing 
Hour 1		169.297		174.317		182.407		94.1048215945
Hour 2		148.446		156.658		164.609		91.9563741195
Hour 3		137.379		147.825		154.65		90.3305280095
Hour 4		130.224		142.401		148.493		89.4693152921
Hour 5		125.021		138.312		144.391		88.8175968828
Hour 6		120.431		134.38		140.379		88.2640303325
Hour 7		117.154		131.489		137.604		87.8868572761
Hour 8		114.294		129.751		135.27		87.5189741477
Hour 9		111.803		127.844		133.346		87.1614911876
Hour 10		109.599		125.903		131.492		86.8123498571
Hour 11		107.788		124.462		130.119		86.5951162871
Hour 12		106.054		123.127		128.825		86.5574779821
Hour 13		104.531		122.021		127.047		86.1830830232
Hour 14		103.219		121.318		126.414		86.1840460167
Hour 15		101.88		120.31		125.039		85.9809398999
Hour 16		100.726		119.45		124.434		85.8798377916
Hour 17		99.6492		118.467		123.618		85.7124119805
Hour 18		98.5627		117.783		122.849		85.5999183587
Hour 19		97.6075		117.159		121.993		85.4092126627
Hour 20		96.9506		116.421		121.305		85.2931488719
Hour 21		96.0822		116.102		120.749		85.2261859832
Hour 22		95.2332		115.381		120.178		85.0579919611
Hour 23		94.5213		114.967		119.806		85.2417282484
Hour 24		93.8011		114.557		119.154		85.0014456018
Hour 25		93.2351		114.393		118.945		85.039932604
Hour 26		92.4855		113.653		118.065		84.7527603271
Hour 27		92.0373		113.37		117.909		84.9259220622
Hour 28		91.3919		112.94		117.392		84.6788449822
Hour 29		90.9493		113.089		117.337		84.7424661865
Hour 30		90.6762		113.108		117.302		84.691512148
Hour 31		89.9069		112.245		116.367		84.5847568708
Hour 32		89.4615		112.047		116.282		84.4978722735
Hour 33		89.1981		111.794		116.043		84.6374238592
Hour 34		88.6265		111.575		115.637		84.5164964272
Hour 35		88.2317		111.137		115.373		84.3564162631
Hour 36		87.7981		110.792		115.057		84.4165472392
Hour 37		87.4773		110.55		114.858		84.4230710734
Hour 38		86.9882		110.347		114.484		84.2804134224
Hour 39		86.805		110.29		114.421		84.3464986345
Hour 40		86.3574		110.257		114.219		84.3622555234




previous 2 words
		training set	validation set	testing set	+Kneser-Ney smoothing 
Hour 1		146.398		157.296		166.475		92.4593481481
Hour 2		126.7		142.456		150.433		89.6864528304
Hour 3		115.646		133.888		141.64		88.1925715577
Hour 4		108.542		128.351		135.532		87.3169518818
Hour 5		103.241		124.111		131.112		86.5787172186
Hour 6		99.4105		121.524		128.29		86.1371946874
Hour 7		96.3096		119.319		126.003		85.8719606513
Hour 8		93.7377		116.933		123.481		85.4583711631
Hour 9		91.4578		114.771		121.785		85.2667989408
Hour 10		89.0731		113.638		119.742		84.8518808218
Hour 11		87.1883		112.159		118.325		84.5543320766
Hour 12		85.5994		111.237		117.174		84.4103517173
Hour 13		84.1999		110.125		116.445		84.4268517
Hour 14		82.7295		108.863		114.918		84.1277045296
Hour 15		81.5575		107.851		113.822		83.8965644487
Hour 16		80.61		107.531		113.395		83.7467571851
Hour 17		79.2759		106.516		112.082		83.623036264
Hour 18		78.3218		106.022		111.477		83.508888227
Hour 19		77.5888		105.238		111.102		83.4244829337
Hour 20		76.6333		104.616		110.412		83.4669452543
Hour 21		75.8815		104.411		109.824		83.2130182609
Hour 22		75.1016		103.918		109.409		83.155484673
Hour 23		74.3452		103.032		108.488		82.9799332278
Hour 24		73.6279		102.799		108.191		82.9395202616
Hour 25		72.9033		102.179		107.581		82.889046695
Hour 26		72.345		101.772		107.21		82.89578818
Hour 27		71.7255		101.412		106.577		82.611321073
Hour 28		71.1981		101.004		106.384		82.7308447574
Hour 29		70.717		101.281		106.262		82.5465595642
Hour 30		70.0402		100.337		105.43		82.4311371623
Hour 31		69.5525		100.067		105.165		82.4081603247
Hour 32		69.0526		99.5531		104.793		82.465138542
Hour 33		68.6338		99.6556		104.779		82.4389507158
Hour 34		68.1763		98.9853		104.215		82.3439154504
Hour 35		67.8105		99.1884		104.305		82.4271806726
Hour 36		67.3635		98.5593		103.698		82.3143920931
Hour 37		66.9341		98.3841		103.373		82.2224574539
Hour 38		66.5564		98.2164		103.481		82.3070201482
Hour 39		66.2731		98.1393		103.22		82.248931513
Hour 40		65.811		97.4494		102.54		82.1186153129



previous 3 words
		training set	validation set	testing set	+Kneser-Ney smoothing 
Hour 1		147.996		161.716		171.557		92.3520720115
Hour 2		125.203		144.457		153.406		89.6775589431
Hour 3		113.769		135.907		144.427		88.2419897947
Hour 4		105.826		129.941		138.01		87.2246974868
Hour 5		100.21		125.396		133.232		86.4418737598
Hour 6		95.7722		121.547		129.575		85.8356835001
Hour 7		92.5284		119.882		127.361		85.4081980513
Hour 8		90.3017		117.734		125.663		85.403470537
Hour 9		87.0501		115.943		122.95		84.738040987
Hour 10		85.0963		114.358		121.851		84.7042208839
Hour 11		82.9983		112.949		120.14		84.2958003416
Hour 12		81.2812		112.067		119.291		84.2218839153
Hour 13		79.5602		110.703		117.513		84.0339400644
Hour 14		78.3097		109.407		116.638		83.9097914357
Hour 15		77.0463		108.947		115.796		83.6264592905
Hour 16		75.9667		108.371		115.085		83.6739745476
Hour 17		74.7142		107.258		114.018		83.484389848
Hour 18		73.7869		106.726		113.538		83.5150776424
Hour 19		72.8615		105.904		112.924		83.4302660064
Hour 20		71.7593		105.138		111.498		83.0637344645
Hour 21		71.0584		104.58		111.36		83.0647556178
Hour 22		70.1721		104.181		110.909		83.0741370599
Hour 23		69.3119		103.9		110.021		82.8774284009
Hour 24		68.6457		102.861		109.408		82.817152505
Hour 25		67.9068		102.879		109.007		82.7115716133
Hour 26		67.3176		102.497		108.762		82.7819636784
Hour 27		66.6689		101.865		108.274		82.6382583058
Hour 28		66.2485		102.058		108.24		82.6295728627
Hour 29		65.5645		101.148		107.442		82.5934776005
Hour 30		64.8892		100.772		106.9		82.3637013536
Hour 31		64.4917		100.727		106.565		82.2903505082
Hour 32		64.0044		100.188		106.395		82.3475266554
Hour 33		63.5205		99.9579		106.197		82.2356249991
Hour 34		63.1265		100.091		106.28		82.5323292748
Hour 35		62.5103		99.1334		105.22		82.1523421499
Hour 36		62.1631		99.319		105.172		82.1787288654
Hour 37		61.691		98.8664		105.065		82.1573321854
Hour 38		61.2734		98.7627		104.685		82.1504670097
Hour 39		60.9643		98.2961		104.563		82.2087126379
Hour 40		60.5432		98.4584		104.155		81.9651574735



previous 4 words
		training set	validation set	testing set	+Kneser-Ney smoothing 
Hour 1		151.517		166.275		177.279		92.7047169737
Hour 2		126.777		147.966		157.305		90.0397940024
Hour 3		115.209		140.002		149.143		88.5714672972
Hour 4		106.114		132.583		141.509		87.3949706503
Hour 5		100.39		129.112		137.476		86.7321450998
Hour 6		95.8073		126.013		133.874		86.2270180462
Hour 7		91.8147		122.492		130.329		85.5845382688
Hour 8		88.8619		120.502		128.481		85.2755753667
Hour 9		86.634		119.46		127.184		84.9381506837
Hour 10		84.1302		117.273		125.126		84.7807535076
Hour 11		81.9196		116.023		123.589		84.6271887461
Hour 12		80.3256		114.935		122.364		84.4788887814
Hour 13		78.3722		113.232		120.495		84.0136277973
Hour 14		77.0443		112.252		119.657		83.8702033375
Hour 15		75.5769		111.398		118.744		83.9295624596
Hour 16		74.2047		110.405		117.64		83.7097380933
Hour 17		73.3668		110.797		117.441		83.679196481
Hour 18		72.0936		109.317		116.345		83.5348608276
Hour 19		70.9269		108.304		115.665		83.5474331922
Hour 20		70.0413		107.96		114.966		83.4023214997
Hour 21		69.2325		108.028		114.994		83.5543098134
Hour 22		68.2491		107.191		113.979		83.3049780209
Hour 23		67.4463		106.591		113.377		83.1016080243
Hour 24		66.7464		106.203		113.075		83.0996552258
Hour 25		66.1497		105.932		112.861		83.0520026337
Hour 26		65.3348		105.04		111.994		82.9852544124
Hour 27		64.7432		104.749		111.531		82.84669287
Hour 28		63.9919		104.367		111.045		82.8788932819
Hour 29		63.4575		104.168		110.851		82.850992364
Hour 30		62.8909		103.45		110.271		82.6263064502
Hour 31		62.3558		103.191		110.152		82.8334579276
Hour 32		61.8504		103.064		109.726		82.6838675626
Hour 33		61.2655		102.924		109.602		82.7217339112
Hour 34		60.8216		102.687		109.265		82.6055153549
Hour 35		60.349		102.314		108.934		82.6313670924
Hour 36		59.8321		101.805		108.454		82.5395420135
Hour 37		59.4967		101.928		108.692		82.6164249801
Hour 38		58.9691		101.473		107.982		82.4176089284
Hour 39		58.6586		101.42		107.987		82.5435239119
Hour 40		58.1722		101.039		107.643		82.4187505044



previous 5 words
		training set	validation set	testing set	+Kneser-Ney smoothing 
Hour 1		159.189		173.625		185.282		94.2901502854
Hour 2		131.51		154.18		164.151		90.4235650637
Hour 3		117.622		144.019		153.006		88.943590608
Hour 4		108.473		137.286		145.697		87.6994471069
Hour 5		102.821		133.209		142.032		87.156680563
Hour 6		98.1089		131.02		138.834		86.8067498762
Hour 7		93.4435		126.742		134.242		85.7828117154
Hour 8		89.7875		124.195		131.661		85.4324860615
Hour 9		87.1778		122.733		130.451		85.5363701962
Hour 10		85.1928		120.912		128.834		85.0914954335
Hour 11		82.4014		119.07		126.594		84.7212671852
Hour 12		80.597		117.575		125.65		84.9068892913
Hour 13		78.8531		116.827		124.759		84.7803276993
Hour 14		77.5949		117.072		124.02		84.6020984817
Hour 15		75.8541		114.815		122.349		84.3472186217
Hour 16		74.473		113.748		121.06		84.2329439981
Hour 17		73.0574		112.5		119.977		83.8151249116
Hour 18		72.0231		111.827		119.226		83.6822287062
Hour 19		70.8714		111.877		119.195		83.9580059706
Hour 20		69.8898		110.477		118.15		83.7514369153
Hour 21		69.027		110.511		117.717		83.6262502014
Hour 22		67.9565		109.506		116.979		83.6243621558
Hour 23		67.1771		109.062		116.325		83.5828521121
Hour 24		66.4739		108.5		115.832		83.2687015538
Hour 25		65.5751		107.914		115.085		83.1713618273
Hour 26		65.2257		107.665		115.116		83.2443862044
Hour 27		64.1297		107.114		114.371		83.1749629541
Hour 28		63.5346		106.717		113.891		83.0875147866
Hour 29		62.8703		106.397		113.383		83.0175534992
Hour 30		62.4081		105.93		113.015		82.9703644326
Hour 31		61.9377		106.157		113.113		83.0205508863
Hour 32		61.3718		106.076		113.017		83.2011091648
Hour 33		60.6164		104.777		112.12		82.8927318038
Hour 34		60.2458		104.922		111.775		82.8275764409
Hour 35		59.6743		104.319		111.375		82.7441148503
Hour 36		59.3485		104.972		111.758		83.0560571949
Hour 37		58.7581		104.03		111.15		82.8731383316
Hour 38		58.3067		103.843		110.744		82.7195083413
Hour 39		57.8163		103.32		110.356		82.7173885361
Hour 40		57.4366		103.014		110.212		82.6310572698



previous 2 words (initialed by model using previous 1 words and trained 10 hours)
		training set	validation set	testing set	+Kneser-Ney smoothing 
Hour 1		92.7002		109.362		115.479		83.5378912288
Hour 2		88.4553		107.261		112.703		82.9835540688
Hour 3		86.0708		106.635		112.134		82.853753174
Hour 4		83.7804		105.323		110.692		82.8556127089
Hour 5		82.1093		104.375		109.79		82.6581956554
Hour 6		80.7261		103.823		109.475		82.7079540784
Hour 7		79.4459		103.328		108.595		82.5599764127
Hour 8		78.2793		102.827		108.157		82.5400231958
Hour 9		77.1586		102.064		107.293		82.3860335142
Hour 10		76.3454		101.822		107.229		82.5157294296



previous 3 words (initialed by model using previous 2 words and trained 10 hours)
		training set	validation set	testing set	+Kneser-Ney smoothing 
Hour 1		72.0975		97.7699		103.518		81.107461044
Hour 2		70.3386		97.5796		103.175		81.1952633471
Hour 3		68.8841		97.0331		102.659		81.0841813058
Hour 4		67.9634		96.8198		102.612		81.1484793068
Hour 5		67.025		96.6061		102.514		81.2921385292
Hour 6		66.2024		96.1136		101.977		81.1214385112
Hour 7		65.3646		96.1318		101.745		81.1287462356
Hour 8		64.7917		95.9659		101.739		81.1583490529
Hour 9		64.1266		95.6619		101.526		81.1649922038
Hour 10		63.447		95.4631		101.6		81.3299848371



previous 4 words (initialed by model using previous 3 words and trained 10 hours)
		training set	validation set	testing set	+Kneser-Ney smoothing 
Hour 1		61.8094		94.7176		100.599		80.8253990412
Hour 2		60.6522		94.4983		100.368		80.6523614856
Hour 3		59.7614		94.1958		100.048		80.5781941396
Hour 4		59.0659		94.2183		100.304		80.6193404058
Hour 5		58.5118		94.3793		100.298		80.8966735601
Hour 6		57.8953		94.8094		100.719		80.8947886091
Hour 7		57.4559		94.7273		100.639		80.9911619017
Hour 8		56.8194		94.2944		100.311		80.906852212
Hour 9		56.4211		94.5998		100.456		80.9486878849
Hour 10		56.0484		94.316		100.341		81.0592562954



Model using previous 4 words and D=25
		training set	validation set	testing set	+Kneser-Ney smoothing 
Hour 1		205.362		202.402		216.577		97.6302483359
Hour 2		136.425		156.615		167.111		90.6422236309
Hour 3		118.562		142.319		152.136		88.4749867389
Hour 4		110.088		136.237		145.157		87.4042036452
Hour 5		104.089		130.473		139.211		86.3110370018
Hour 6		99.9009		126.802		135.597		85.8857472713
Hour 7		96.5277		123.912		132.387		85.3503721152
Hour 8		93.8635		121.591		129.943		84.8235257598
Hour 9		91.6586		119.749		127.925		84.4439497267
Hour 10		89.547		117.279		125.636		84.0305790329
Hour 11		88.1182		116.624		124.34		83.7323645207
Hour 12		86.7257		115.151		123.04		83.5977019576
Hour 13		85.4199		113.894		121.488		83.1547882448
Hour 14		84.1126		113.047		120.549		82.9502184601
Hour 15		83.0734		111.633		119.305		82.6685387405
Hour 16		82.1424		111.346		118.487		82.5550751094
Hour 17		81.1426		110.219		117.591		82.478652567
Hour 18		80.4535		109.551		116.655		82.1340411963
Hour 19		79.6044		108.846		115.968		82.0614981839
Hour 20		79.0388		108.32		115.323		81.8661912299
Hour 21		78.3886		107.767		114.69		81.7244063843
Hour 22		77.6843		107.295		114.173		81.6203903256
Hour 23		77.2176		106.48		113.626		81.5756764509
Hour 24		76.599		106.062		113.156		81.4694249473
Hour 25		76.1297		105.797		112.739		81.5202944742
Hour 26		75.6175		105.477		112.083		81.1646656152
Hour 27		75.1497		105.123		111.686		81.1548422291
Hour 28		74.6738		104.911		111.35		81.0493091417
Hour 29		74.3694		104.161		110.72		81.0166242882
Hour 30		74.1267		104.37		110.902		81.0105451412
Hour 31		73.9787		104.276		110.57		80.848197788
Hour 32		73.909		104.391		110.838		80.9286101448
Hour 33		73.7195		104.057		110.474		80.8371472049
Hour 34		73.5771		103.972		110.31		80.8981334419
Hour 35		73.3563		103.502		109.934		80.7493130601
Hour 36		73.2254		103.665		109.986		80.7625007067
Hour 37		73.0682		103.487		109.866		80.7846575437
Hour 38		72.9277		103.488		109.799		80.8120817756
Hour 39		72.8719		103.506		109.808		80.7513454877
Hour 40		72.5807		103.086		109.377		80.5701423074




Model using previous 4 words and D=50
		training set	validation set	testing set	+Kneser-Ney smoothing 
Hour 1		141.586		162.188		172.313		91.8648568984
Hour 2		118.723		144.094		153.952		89.47055609
Hour 3		107.399		136.024		144.957		88.0441402669
Hour 4		100.565		131.304		139.444		87.1397916431
Hour 5		95.4882		127.263		135.613		86.6232210249
Hour 6		91.3596		123.723		131.925		85.8589698309
Hour 7		88.0639		121.106		129.34		85.5948971508
Hour 8		85.3477		119.479		127.352		85.0671875776
Hour 9		83.1488		117.775		125.466		84.9302350886
Hour 10		81.1028		116.184		124.016		84.7243521184
Hour 11		79.5573		115.11		123.125		84.5976223103
Hour 12		77.8599		114.103		121.519		84.2641246856
Hour 13		76.3472		112.679		120.332		84.0933381755
Hour 14		75.2443		111.921		119.337		84.0633181581
Hour 15		74.1347		111.162		118.609		83.854212925
Hour 16		73.0644		110.66		118.104		83.8438947701
Hour 17		72.0166		109.601		116.841		83.5771393933
Hour 18		71.0964		109.26		116.437		83.3894804617
Hour 19		70.2612		108.405		115.644		83.2487803641
Hour 20		69.5493		108.477		115.126		83.1505218432
Hour 21		68.6085		107.376		114.526		83.1718436585
Hour 22		67.9998		106.751		113.89		83.0386946237
Hour 23		67.3784		106.753		113.549		82.9798506403
Hour 24		66.7547		106.258		113.187		82.838507335
Hour 25		66.1661		105.596		112.747		82.8344791603
Hour 26		65.6424		105.277		112.261		82.7595507087
Hour 27		65.0858		105.245		112.108		82.7167919955
Hour 28		64.5435		104.538		111.467		82.5857922159
Hour 29		64.1943		104.445		111.499		82.6959787291
Hour 30		63.6217		104.227		111.019		82.5298148352
Hour 31		63.2041		103.951		110.873		82.5170119826
Hour 32		62.7138		103.193		110.188		82.3415229958
Hour 33		62.3412		103.352		110.084		82.3255539947
Hour 34		61.9445		103.166		109.945		82.3856335032
Hour 35		61.6135		102.866		109.481		82.3707828718
Hour 36		61.2124		102.788		109.204		82.1584206724
Hour 37		60.8351		102.42		109.078		82.1564407762
Hour 38		60.5797		102.357		109.12		82.1990619767
Hour 39		60.2299		102.078		108.625		82.1741887317
Hour 40		59.9209		101.909		108.524		82.0420726376




Model using previous 4 words on larger training dataset
		training set	validation set	testing set	+Kneser-Ney smoothing 
Hour 1				165.044		177.696		85.1703356605
Hour 2				146.254		156.624		81.4109936405
Hour 3				138.559		148.533		80.0025012767
Hour 4				133.123		142.934		79.0265789799
Hour 5				129.24		138.248		77.9962529148
Hour 6				125.427		134.499		77.3587450388
Hour 7				122.571		130.754		76.3556235697
Hour 8				120.012		128.378		75.79715284
Hour 9				117.903		125.862		75.2773759303
Hour 10				116.245		123.854		74.860244759
Hour 11				114.115		121.793		74.5356424485
Hour 12				112.008		119.801		73.998720463
Hour 13				110.099		117.536		73.542361443
Hour 14				108.813		115.605		73.1406410947
Hour 15				106.485		113.573		72.6602492668
Hour 16				104.267		111.506		72.208057852
Hour 17				102.961		109.974		71.8471544553
Hour 18				101.836		108.601		71.5592213615
Hour 19				100.453		107.123		71.0695352886
Hour 20				99.3265		105.765		70.8699683801
Hour 21				98.1133		104.739		70.5133972077
Hour 22				97.2092		103.547		70.2579535899
Hour 23				96.2406		102.551		70.003475733
Hour 24				95.5243		101.678		69.8098981278
Hour 25				94.5922		100.78		69.5182988974
Hour 26				94.1082		100.177		69.3851806624
Hour 27				93.3863		99.4321		69.2275739239
Hour 28				92.6615		98.6327		69.0195780499
Hour 29				91.9654		97.9785		68.7874457472
Hour 30				91.4659		97.423		68.7182364502
Hour 31				91.098		96.9034		68.5313340857
Hour 32				90.5789		96.3545		68.4232635166
Hour 33				90.0488		95.8797		68.2847433333
Hour 34				89.6756		95.3593		68.1609352139
Hour 35				89.2886		95.0316		68.05911
Hour 36				88.9305		94.625		68.0006432178
Hour 37				88.472		94.0749		67.7965626214
Hour 38				88.1767		93.7343		67.7389758191
Hour 39				87.7172		93.3069		67.615918
Hour 40				87.5194		92.9804		67.5388493816





